0
32
64
96
128
160
192
224
256
288
320
352
384
416
448
480
512
544
576
608
640
672
704
736
768
800
832
864
896
928
960
992
1024
1056
1088
1120
1152
1184
1216
1248
1280
1312
1344
1376
1408
1440
1472
1504
1536
1568
1600
1632
1664
1696
1728
1760
1792
1824
1856
1888
1920
1952
1984
2016
2048
2112
2176
2208
2240
2272
2304
2336
2368
2400
2432
2464
2496
2528
2560
2592
2624
2656
2688
2720
2784
2816
2848
2880
2976
3040
3072
3168
3232
3264
3296
3328
3360
3456
3488
3584
3616
3648
3744
3808
3840
3936
3968
4032
4128
4224
4288
4320
4416
4512
4544
4608
4704
4736
4800
4896
5056
5184
5280
5472
5504
5600
5760
5856
5952
6144
6240
6304
6528
6720
6816
6912
7200
7296
7872
8160
8544
8576
8640
9120
9888
10080
10560
10848
11520
12480
12960
13824
15840
17760
20160
23040
30240
40320
