[0, 1, 2, 3] real 13.253888022000206 [1.18732 2.01904 1.60631 1.18732] 7.04590088358798e-08
[0, 1, 2, 3] complex 13.253888022002052 [1.60631 1.18732 1.18732 2.01904] 6.537478248140697e-08
[0, 1, 1, 2] real 2.446630252158416 [0.80411 0.80411 1.19589 1.19589] 4.222343886641009e-08
[0, 1, 1, 2] complex 2.446630252158392 [0.80411 1.19589 1.19589 0.80411] 7.109967460867495e-08
[0, 0.1, 1, 1] real 0.25249999999959705 [0.5  0.55 0.5  0.55] 8.182290808160556e-08
[0, 0.1, 1, 1] complex 0.2524999999996055 [0.5  0.55 0.55 0.5 ] 8.193183678679061e-08
[0, 0, 1, 1] real 0.2500000000000003 [0.5 0.5 0.5 0.5] 7.120649813609325e-08
[0, 0, 1, 1] complex 0.2500000000000003 [0.5 0.5 0.5 0.5] 1.9437930715700653e-08
[0, 0, 1, 2] real 1.9092217048736053 [1.15693 0.61436 0.61436 0.61436] 4.421682506790164e-08
[0, 0, 1, 2] complex 1.9092217048735116 [0.61436 0.61436 0.61436 1.15693] 5.773974689028035e-08
[1, 2, 3, 5] real 102.52321721216568 [2.46968 3.23202 2.82862 2.46968] 7.972501142950334e-08
[1, 2, 3, 5] complex 102.52321721218692 [2.82862 2.46968 2.46968 3.23202] 5.9051811354638435e-08
[0, 0.5, 1, 4] real 25.59251907856887 [1.42906 1.18085 1.70929 1.1808 ] 6.920707650135936e-07
[0, 0.5, 1, 4] complex 25.592518978723604 [1.70929 1.18061 1.18102 1.42908] 2.033226340482367e-06
[0, 0, 0, 1, 1] real 0.11111111111111122 [0.5     0.5     0.33333 0.33333 0.33333] 9.513990564655817e-08
[0, 0, 0, 1, 1] complex 0.11111111111111127 [0.33333 0.33333 0.5     0.5     0.33333] 5.8268317046326304e-08
[0, 0, 1, 1, 1] real 0.25000000000000006 [0.5 1.  0.5 0.5 0.5] 8.731336117445579e-08
[0, 0, 1, 1, 1] complex 0.2499999999999995 [0.5 1.  0.5 0.5 0.5] 4.090206984932189e-08
