26 4194304
1 1 1 1 1 1 1 1 1 1 1 1 1 1 1 1 1 1 1 1 1 1 1 1 1 1
-1 -1 -1 -1 -1 -1 -1 1 -1 -1 1 -1 1 1 -1 -1 1 1 -1 -1 -1 -1 -1 1 1 -1
1 -1 -1 1 1 -1 1 1 -1 -1 1 1 -1 1 -1 -1 -1 -1 -1 1 -1 1 -1 1 -1 -1
1 -1 1 1 1 1 1 -1 -1 -1 -1 1 1 -1 1 1 1 1 1 -1 1 -1 1 1 1 -1
1 1 -1 1 -1 -1 -1 1 1 1 -1 1 -1 1 -1 1 -1 -1 -1 -1 1 1 1 1 -1 -1
-1 -1 -1 1 -1 1 1 1 -1 -1 1 -1 -1 1 1 -1 -1 1 1 1 -1 -1 -1 -1 1 1
-1 1 -1 -1 -1 -1 1 -1 -1 -1 1 1 1 -1 1 -1 -1 -1 -1 -1 1 -1 -1 -1 -1 1
1 -1 -1 -1 1 1 -1 1 -1 1 -1 -1 -1 -1 -1 1 1 -1 -1 -1 1 -1 1 1 1 -1
-1 -1 1 1 -1 -1 -1 -1 1 1 -1 1 -1 -1 -1 1 1 1 -1 1 -1 -1 -1 1 -1 1
1 -1 -1 1 1 1 1 -1 -1 1 -1 1 -1 1 1 1 1 1 1 1 -1 -1 1 1 -1 -1
1 -1 -1 -1 -1 -1 1 -1 -1 -1 -1 -1 1 -1 -1 1 1 -1 -1 1 -1 -1 -1 -1 1 -1
1 1 -1 -1 1 -1 1 1 1 -1 -1 -1 -1 -1 -1 -1 -1 -1 -1 -1 1 1 -1 -1 1 -1
1 1 -1 1 -1 1 -1 -1 -1 1 -1 -1 -1 -1 -1 -1 1 1 -1 -1 1 1 1 -1 1 1
1 1 1 1 1 -1 -1 1 -1 1 1 1 -1 1 -1 -1 1 -1 1 -1 1 1 -1 -1 1 1
-1 -1 1 -1 1 1 1 1 1 1 -1 1 1 -1 1 1 1 -1 -1 -1 1 -1 -1 -1 -1 -1
1 1 1 -1 1 -1 -1 -1 1 -1 -1 1 -1 1 -1 1 -1 1 1 1 1 -1 1 1 -1 -1
1 -1 -1 -1 -1 1 1 -1 1 -1 -1 1 1 -1 1 -1 1 -1 1 1 -1 -1 -1 1 -1 1
1 1 -1 -1 -1 -1 -1 1 1 1 1 1 1 1 -1 -1 1 1 1 -1 1 1 1 -1 1 -1
-1 -1 1 1 -1 -1 1 -1 1 1 1 -1 1 -1 -1 -1 -1 -1 -1 1 1 -1 -1 1 -1 -1
1 -1 -1 1 -1 1 1 1 -1 -1 -1 1 -1 1 1 -1 1 1 -1 -1 1 1 -1 1 -1 1
1 1 -1 1 1 1 1 1 -1 -1 -1 -1 -1 -1 -1 1 -1 -1 1 1 -1 1 1 -1 -1 -1
1 1 -1 1 -1 -1 -1 -1 -1 1 -1 -1 1 1 -1 -1 -1 -1 -1 -1 1 -1 1 -1 -1 -1
-1 -1 1 -1 1 -1 -1 1 -1 -1 1 -1 1 1 -1 -1 -1 -1 1 -1 1 -1 -1 1 -1 -1
1 1 1 -1 1 -1 1 1 -1 1 1 1 1 1 -1 1 1 -1 -1 -1 1 1 -1 1 -1 -1
1 -1 1 -1 1 -1 -1 -1 1 -1 1 -1 1 1 1 -1 -1 1 1 1 1 -1 -1 1 1 -1
-1 -1 1 -1 -1 1 -1 1 -1 -1 1 1 1 1 -1 -1 -1 -1 -1 1 1 1 1 1 1 1
