32 134217728
1 1 1 1 1 1 1 1 1 1 1 1 1 1 1 1 1 1 1 1 1 1 1 1 1 1 1 1 1 1 1 1
-1 1 1 1 1 1 -1 1 -1 1 -1 -1 -1 -1 1 1 1 -1 -1 1 -1 -1 1 1 1 -1 1 1 -1 1 -1 1
-1 -1 1 1 -1 1 1 -1 1 1 1 1 1 1 1 1 1 1 -1 1 -1 -1 1 -1 1 1 1 -1 -1 1 1 1
-1 1 -1 1 -1 1 -1 -1 1 -1 -1 1 -1 -1 1 1 -1 1 -1 1 -1 -1 -1 1 1 1 -1 -1 1 1 -1 1
-1 1 1 1 1 1 -1 -1 -1 -1 -1 -1 -1 1 1 -1 -1 1 1 -1 1 1 -1 -1 1 1 1 -1 -1 1 -1 -1
1 1 -1 1 1 1 -1 1 1 -1 -1 -1 1 1 1 -1 1 1 1 1 -1 1 -1 -1 1 -1 -1 -1 -1 1 -1 -1
1 -1 1 -1 1 1 -1 1 1 1 -1 -1 1 -1 1 1 1 1 1 -1 1 1 1 -1 1 1 -1 -1 1 1 -1 1
-1 -1 1 1 -1 -1 1 1 -1 -1 1 1 -1 1 1 -1 -1 1 -1 1 1 -1 -1 -1 -1 -1 -1 -1 1 -1 1 -1
1 -1 1 -1 -1 1 -1 -1 1 1 1 1 -1 1 -1 1 1 -1 1 -1 -1 -1 1 1 1 -1 1 1 -1 1 1 1
-1 1 1 1 -1 1 1 1 1 -1 1 1 -1 -1 -1 -1 -1 -1 1 -1 1 -1 -1 1 -1 1 -1 -1 1 1 1 -1
1 -1 1 -1 -1 -1 1 1 -1 1 1 1 1 -1 -1 -1 -1 -1 -1 -1 -1 -1 -1 1 -1 1 -1 1 -1 -1 -1 -1
1 1 1 -1 -1 1 1 1 -1 1 1 -1 -1 -1 -1 -1 1 1 -1 -1 -1 -1 1 -1 1 1 1 -1 1 -1 1 1
1 1 1 1 -1 1 -1 -1 1 1 1 -1 1 -1 -1 1 -1 -1 1 -1 -1 1 1 -1 1 1 1 1 -1 -1 -1 -1
1 1 -1 1 -1 -1 1 1 1 -1 1 -1 1 -1 1 1 -1 1 1 -1 1 1 1 -1 1 -1 1 1 -1 1 -1 1
-1 -1 -1 1 1 1 -1 -1 -1 -1 -1 1 -1 -1 -1 -1 1 -1 -1 -1 -1 -1 -1 1 1 1 1 -1 -1 -1 1 -1
-1 -1 1 1 1 1 1 -1 1 1 1 -1 1 1 1 -1 1 1 -1 1 -1 1 1 -1 -1 -1 -1 1 -1 -1 -1 1
1 1 -1 1 -1 1 -1 1 -1 -1 -1 1 -1 1 1 -1 -1 -1 -1 -1 -1 1 1 1 -1 1 -1 1 -1 -1 -1 1
1 -1 1 -1 1 -1 -1 -1 1 1 1 1 -1 1 -1 1 -1 -1 1 1 1 -1 1 -1 1 1 1 1 1 -1 -1 -1
-1 -1 -1 1 1 1 -1 -1 -1 -1 -1 1 -1 -1 -1 -1 1 1 -1 -1 -1 1 1 1 -1 1 -1 -1 1 1 1 -1
1 1 -1 1 -1 -1 -1 -1 1 1 1 -1 1 1 -1 1 -1 1 1 1 1 1 -1 -1 -1 1 1 1 1 -1 -1 -1
1 -1 -1 -1 1 -1 -1 -1 1 -1 -1 1 1 -1 1 1 -1 1 1 -1 -1 1 -1 -1 1 -1 -1 1 -1 -1 1 -1
1 -1 -1 -1 -1 -1 -1 -1 1 -1 -1 1 1 1 1 -1 1 -1 -1 -1 1 1 -1 1 -1 1 -1 -1 -1 1 1 -1
-1 1 -1 1 -1 -1 -1 1 1 -1 1 -1 -1 -1 -1 1 -1 1 1 -1 -1 -1 1 -1 1 1 -1 1 -1 -1 -1 1
-1 1 1 1 1 -1 -1 -1 -1 -1 1 1 1 1 1 -1 -1 1 1 1 1 1 -1 1 1 -1 1 1 -1 1 -1 1
1 -1 -1 1 1 -1 1 -1 -1 1 1 -1 1 -1 -1 -1 -1 1 -1 -1 -1 1 1 -1 1 -1 -1 1 -1 -1 -1 1
1 1 1 -1 1 1 1 -1 -1 1 -1 1 1 -1 1 -1 1 1 -1 -1 1 -1 -1 1 -1 1 1 -1 -1 1 1 1
1 -1 1 1 1 1 -1 -1 1 1 -1 1 -1 -1 -1 -1 1 -1 -1 1 1 -1 1 1 1 1 -1 -1 -1 1 -1 1
-1 -1 1 -1 -1 -1 -1 1 -1 1 1 -1 1 1 1 -1 1 -1 -1 -1 1 1 -1 -1 -1 1 -1 -1 1 1 -1 -1
1 1 -1 1 1 1 -1 1 -1 -1 1 1 1 -1 -1 1 -1 1 -1 -1 -1 1 1 1 1 -1 1 1 1 1 -1 1
-1 -1 -1 -1 1 1 -1 -1 1 1 1 1 1 -1 -1 -1 1 1 -1 -1 1 -1 -1 1 -1 -1 1 -1 -1 1 -1 1
1 -1 -1 1 -1 1 1 -1 -1 1 -1 -1 -1 -1 -1 1 -1 1 -1 1 1 -1 1 1 1 1 1 1 1 1 -1 -1
1 1 -1 -1 -1 -1 1 1 1 1 1 -1 1 -1 1 -1 1 1 -1 -1 1 -1 1 -1 -1 1 1 -1 -1 1 -1 1
